==============================
 TABULEIRO INICIAL
==============================
1 0 1
1 1 1
0 1 0

==============================
 MATRIZ DE INFLUÊNCIA A
==============================
1 1 0 1 0 0 0 0 0
1 1 1 0 1 0 0 0 0
0 1 1 0 0 1 0 0 0
1 0 0 1 1 0 1 0 0
0 1 0 1 1 1 0 1 0
0 0 1 0 1 1 0 0 1
0 0 0 1 0 0 1 1 0
0 0 0 0 1 0 1 1 1
0 0 0 0 0 1 0 1 1

==============================
 VETOR b
==============================
1 0 1 1 1 1 0 1 0

==============================
 MATRIZ AUMENTADA ESCALONADA
==============================
1 1 0 1 0 0 0 0 0 1
0 1 1 0 0 1 0 0 0 1
0 0 1 1 1 0 0 0 0 1
0 0 0 1 0 1 1 0 0 0
0 0 0 0 1 0 1 1 1 1
0 0 0 0 0 1 0 1 0 0
0 0 0 0 0 0 1 0 1 0
0 0 0 0 0 0 0 1 0 1
0 0 0 0 0 0 0 0 1 0

 Posto da matriz A: 9

==============================
 VETOR SOLUÇÃO x
==============================
0 0 0 1 0 1 0 1 0

==============================
 MAPA DE JOGADAS
==============================
 1 = pressionar | 0 = não pressionar
0 0 0
1 0 1
0 1 0

==============================
 RESOLUÇÃO PASSO A PASSO
==============================

 Jogada 1
Pressionar posição (2, 1)

 Tabuleiro após a jogada:
0 0 1
0 0 1
1 1 0

 Jogada 2
Pressionar posição (2, 3)

 Tabuleiro após a jogada:
0 0 0
0 1 0
1 1 1

 Jogada 3
Pressionar posição (3, 2)

 Tabuleiro após a jogada:
0 0 0
0 0 0
0 0 0

==============================
 TABULEIRO FINAL
==============================
0 0 0
0 0 0
0 0 0

Validação: todas as luzes foram apagadas.
